$ 1 0.000005 23.47059216675035 50 5 43 5e-11
v -192 160 -192 240 0 1 60 179.6 0 0 0.5
T -192 160 -80 240 0 4 0.136986301369863 -0.1849866502941354 -1.5738712416668577e-14 0.999
d -80 160 -16 96 2 1N4004
d -16 224 48 160 2 1N4004
d -16 224 -80 160 2 1N4004
d 48 160 -16 96 2 1N4004
w 48 160 96 160 0
w 96 160 96 240 0
w 96 240 -80 240 0
w -16 96 -16 16 0
c 64 64 64 224 0 0.00082 22.40978272650744 0.001
w 192 16 320 16 0
w 128 224 64 224 0
w 64 224 -16 224 0
w 320 288 256 288 0
r 1072 -16 1072 112 0 120
w 256 96 192 96 0
w 320 128 320 16 0
t 304 144 320 144 0 1 -9.633930371527208 0.7170626864896743 100 default
w 272 160 304 144 0
w 192 224 128 224 0
w 256 96 256 128 0
174 256 128 256 192 1 5000 0.005 Resistance
w 64 64 64 16 0
34 zvoltage\q13 0 1.7143528192810002e-7 0 2 12.9 0
z 192 224 192 96 2 zvoltage\q13
r 192 16 192 96 0 2700
w 256 288 192 224 0
w -16 16 64 16 0
r 256 192 256 288 0 2200
w 64 16 128 16 0
w 128 16 192 16 0
g 368 288 400 288 0 0
162 320 192 320 240 2 default-led 1 0 0 0.01
w 320 160 368 160 0
w 320 160 320 192 0
r 320 240 320 288 0 1000
w 320 288 368 288 0
r 368 160 368 288 0 120
o 24 32 0 4099 20 0.003125 0 2 24 3
o 37 32 0 4099 20 0.2 1 2 37 3
